4.21875 5.125 6.07031 7.03906 8.02148 9.01172 10.0063 11.0034 12.0018 
49.7812 61.5156 71.7734 82.1445 92.5762 103.04 113.521 124.011 134.506 
4.125 4.84375 5.84375 6.73828 7.88672 8.8418 9.79297 10.7568 11.806 
49.9688 61.2812 74.6875 84.0156 92.9648 103.323 113.777 124.878 134.929 
3.96875 5.03125 6.03125 6.91406 7.91016 8.90918 9.9126 10.8982 11.9071 
49.625 61.6094 71.7656 82.1211 92.4961 102.974 113.463 123.964 134.452 
3.375 4.4375 5.32812 6.56641 7.42188 8.72266 9.5498 10.4846 11.6851 
50.9062 64.4844 73.5703 86.5391 95.5723 109.008 117.89 127.625 140.103 
3.3125 4.26562 5.08594 6.25 7.2832 8.5498 9.33057 10.2407 11.4818 
50.9688 62.0312 74.4141 83.0078 95.1973 103.025 111.24 124.676 135.978 
3.21875 4.29688 5.3125 6.46875 7.32227 8.6123 9.44971 10.3872 11.5878 
50.3125 64.4688 72.8672 85.875 94.5293 108.882 117.811 127.64 140.159 
1 1 1 1 1 1 1 1 1 
9.71875 10.3594 10.4297 10.4648 10.4824 10.4912 10.4956 10.4978 10.4989 
2.28125 1.25 6.60156 7.21094 6.89062 4.82324 6.12158 11.385 10.7249 
19.2188 10.3906 55.4531 59.0664 58.9805 42.874 50.1558 89.8547 91.2439 
1.15625 2 3.1875 2.54297 1.60742 2.90723 3.28906 2.12573 2.26953 
7.375 15.5312 25.5391 21.375 13.3945 23.6846 28.0088 18.5154 19.191 
